list(x1=c(12.826, 20.779, 11.366, 8.839, 10.139, 11.354, 16.779, 10.554, 5.971, 4.48, 11.073, 12.93, 4.548, 5.34, 11.821, 10.562, 6.542, 6.739, 2.797, 13.44, 9.623, 10.38, 12.557, 7.284, 11.861, 17.155, 14.835, 3.288, 12.717, 2.624, 16.875, 5.836, 6.953, 12.959, 8.89, 8.924, 8.126, 14.616, 13.766, 12.172, 4.02, 10.015, 13.423, 12.726, 16.554, 5.454, 9.279, 13.42, 11.804, 11.916, 19.585, 6.496, 7.885, 15.768, 2.016, 8.563, 8.496, 7.193, 9.967, 15.854, 15.025, 17.277, 11.381, 8.093, 6.613, 10.711, 14.082, 5.081, 16.278, 10.803, 11.781, 8.839, 4.743, 11.65, 8.286, 13.486, 9.682, 15.009, 7.678, 7.849, 4.394, 8.715, 5.345, 15.431, 11.6, 12.09, 5.085, 6.863, 15.058, 15.524, 10.157, 3.3, 4.1, 9.009, 5.194, 13.877, 7.767, 9.118, 8.249, 10.989), x2=c(49.583, 40.896, 44.009, 45.45, 41.472, 44.481, 47.756, 51.448, 46.516, 50.312, 37.036, 50.98, 44.921, 38.29, 55.38, 61.343, 31.14, 65.213, 49.107, 54.132, 39.897, 43.06, 72.333, 49.184, 38.004, 64.449, 63.723, 61.541, 61.845, 53.119, 52.479, 54.859, 56.549, 75.908, 59.884, 62.446, 49.906, 44.743, 53.48, 60.031, 46.702, 62.533, 36.711, 49.672, 59.716, 28.813, 51.054, 45.406, 52.602, 47.874, 56.264, 43.468, 46.017, 55.967, 44.693, 57.375, 41.243, 56.822, 73.138, 46.969, 61.524, 61.344, 56.773, 42.327, 64.241, 52.657, 39.761, 50.989, 50.736, 52.795, 60.213, 39.989, 46.574, 65.52, 64.77, 55.257, 44.242, 63.794, 49.008, 58.177, 49.147, 38.103, 73.373, 64.641, 41.239, 28.508, 56.927, 47.806, 51.682, 39.881, 69.166, 53.156, 43.117, 41.214, 42.47, 38.409, 55.248, 68.631, 48.224, 45.097), x3=c(-54.136, -92.311, -54.823, -44.907, -27.682, -41.231, -64.85, -43.042, -59.156, -71.13, -72.738, -65.879, -42.489, -55.964, -46.801, -79.783, -35.369, -42.418, -90.4, -23.227, -33.512, -73.81, -66.208, -46.78, -70.813, -46.302, -52.497, -36.664, -54.53, -48.551, -39.679, -55.589, -76.711, -16.048, -34.222, -45.81, -51.695, -58.789, -72.067, -49.87, -68.07, -58.646, -58.434, -52.022, -31.003, -75.538, -41.956, -75.966, -22.443, -48.54, -48.093, -39.931, -36.215, -64.956, -47.999, -23.346, -59.335, -52.915, -55.412, -58.732, -11.782, -80.661, -42.906, -4.142, -35.057, -52.91, -40.145, -33.993, -56.686, -74.738, -56.334, -31.787, -36.018, -43.536, -77.498, -53.942, -58.644, -62.502, -19.797, -51.584, -60.018, -76.377, -62.531, -69.306, -70.189, -31.679, -55.123, -53.319, -54.322, -62.074, -48.776, -12.212, -25.053, -46.566, -77.303, -69.493, -44.296, -33.918, -67.141, -31.677), y=c(-60.054, 69.292, -47.669, -92.146, -47.671, -40.263, 3.681, -98.053, -99.654, -154.705, -16.838, -69.775, -123.126, -89.454, -95.351, -132.965, -23.493, -208.244, -169.983, -85.851, -48.541, -48.382, -183.384, -142.319, -18.788, -88.639, -109.002, -228.051, -114.492, -167.636, -40.833, -187.469, -161.326, -191.254, -172.403, -170.334, -127.364, -15.497, -39.465, -109.544, -144.267, -152.435, 16.155, -56.656, -74.826, -14.111, -98.283, -34.208, -86.48, -68.756, -35.297, -85.918, -93.314, -73.974, -131.719, -145.682, -58.247, -147.824, -202.598, -28.053, -94.086, -54.712, -103.991, -78.463, -202.267, -97.783, -5.28, -158.964, -26.34, -102.014, -130.564, -56.801, -138.19, -153.959, -181.964, -88.03, -70.828, -130.629, -104.471, -157.968, -147.78, -55.531, -243.427, -134.289, -46.354, 29.569, -172.835, -114.026, -63.974, 6.429, -190.128, -172.257, -122.028, -57.269, -106.039, -12.447, -144.76, -191.397, -104.738, -46.933))
